text,label,dhananjay_events
"It should be borne in mind, first, that in view of the mandatory nature of the review of State aid by the Commission under Article 93 of the Treaty, undertakings to which aid has been granted may not, in principle, entertain a legitimate expectation that the aid is lawful unless it has been granted in compliance with the procedure laid down in that article and, second, that a diligent businessman should normally be able to determine whether that procedure has been followed (Case C-5/89 Commission v Germany [1990] ECR I-3437, paragraph 14; Case C-169/95 Spain v Commission [1997] ECR I-135, paragraph 51; and Case C-24/95 Alcan Deutschland [1997] ECR I-1591, paragraph 25).",prem,"[{'entity_group': 'LABEL_0', 'score': np.float32(0.99134195), 'word': 'It should be borne in mind, first, that', 'start': 0, 'end': 39}, {'entity_group': 'LABEL_1', 'score': np.float32(0.7959405), 'word': ' in', 'start': 39, 'end': 42}, {'entity_group': 'LABEL_0', 'score': np.float32(0.9931577), 'word': ' view', 'start': 42, 'end': 47}, {'entity_group': 'LABEL_1', 'score': np.float32(0.99999404), 'word': ' of', 'start': 47, 'end': 50}, {'entity_group': 'LABEL_0', 'score': np.float32(0.9753013), 'word': ' the mandatory nature', 'start': 50, 'end': 71}, {'entity_group': 'LABEL_1', 'score': np.float32(0.95912683), 'word': ' of the review of State', 'start': 71, 'end': 94}, {'entity_group': 'LABEL_0', 'score': np.float32(0.8816969), 'word': ' aid by the Commission', 'start': 94, 'end': 116}, {'entity_group': 'LABEL_1', 'score': np.float32(0.9938577), 'word': ' under', 'start': 116, 'end': 122}, {'entity_group': 'LABEL_0', 'score': np.float32(0.90838397), 'word': ' Article', 'start': 122, 'end': 130}, {'entity_group': 'LABEL_1', 'score': np.float32(0.8668205), 'word': ' ', 'start': 130, 'end': 131}, {'entity_group': 'LABEL_0', 'score': np.float32(0.9690714), 'word': '93 of the Treaty', 'start': 131, 'end': 147}, {'entity_group': 'LABEL_1', 'score': np.float32(0.5811679), 'word': ',', 'start': 147, 'end': 148}, {'entity_group': 'LABEL_0', 'score': np.float32(0.83749837), 'word': ' undertakings to which aid', 'start': 148, 'end': 174}, {'entity_group': 'LABEL_1', 'score': np.float32(0.69582975), 'word': ' has been', 'start': 174, 'end': 183}, {'entity_group': 'LABEL_0', 'score': np.float32(0.9986428), 'word': ' granted may not, in principle,', 'start': 183, 'end': 214}, {'entity_group': 'LABEL_1', 'score': np.float32(0.6526561), 'word': ' entertain', 'start': 214, 'end': 224}, {'entity_group': 'LABEL_0', 'score': np.float32(0.97405696), 'word': ' a legitimate expectation that the aid', 'start': 224, 'end': 262}, {'entity_group': 'LABEL_1', 'score': np.float32(0.9714121), 'word': ' is', 'start': 262, 'end': 265}, {'entity_group': 'LABEL_0', 'score': np.float32(0.9848494), 'word': ' lawful unless it has been granted in compliance', 'start': 265, 'end': 313}, {'entity_group': 'LABEL_1', 'score': np.float32(0.82384396), 'word': ' with the procedure', 'start': 313, 'end': 332}, {'entity_group': 'LABEL_0', 'score': np.float32(0.9927174), 'word': ' laid down', 'start': 332, 'end': 342}, {'entity_group': 'LABEL_1', 'score': np.float32(0.5788495), 'word': ' in', 'start': 342, 'end': 345}, {'entity_group': 'LABEL_0', 'score': np.float32(0.90567994), 'word': ' that article and, second, that a', 'start': 345, 'end': 378}, {'entity_group': 'LABEL_1', 'score': np.float32(0.9972805), 'word': ' diligent', 'start': 378, 'end': 387}, {'entity_group': 'LABEL_0', 'score': np.float32(0.9448453), 'word': ' businessman should normally be able', 'start': 387, 'end': 423}, {'entity_group': 'LABEL_1', 'score': np.float32(0.95046973), 'word': ' to', 'start': 423, 'end': 426}, {'entity_group': 'LABEL_0', 'score': np.float32(0.8998194), 'word': ' determine whether', 'start': 426, 'end': 444}, {'entity_group': 'LABEL_1', 'score': np.float32(0.86932254), 'word': ' that', 'start': 444, 'end': 449}, {'entity_group': 'LABEL_0', 'score': np.float32(0.9949072), 'word': ' procedure', 'start': 449, 'end': 459}, {'entity_group': 'LABEL_1', 'score': np.float32(0.995998), 'word': ' has', 'start': 459, 'end': 463}, {'entity_group': 'LABEL_0', 'score': np.float32(0.9863632), 'word': ' been followed (Case C-5/89 Commission v Germany [1990]', 'start': 463, 'end': 518}, {'entity_group': 'LABEL_1', 'score': np.float32(0.6732941), 'word': ' ECR', 'start': 518, 'end': 522}, {'entity_group': 'LABEL_0', 'score': np.float32(0.97158235), 'word': ' I-3437, paragraph 14; Case C-169/95 Spain', 'start': 522, 'end': 564}, {'entity_group': 'LABEL_1', 'score': np.float32(0.5048469), 'word': ' v', 'start': 564, 'end': 566}, {'entity_group': 'LABEL_0', 'score': np.float32(0.99791694), 'word': ' Commission [', 'start': 566, 'end': 579}, {'entity_group': 'LABEL_1', 'score': np.float32(0.99999213), 'word': '1', 'start': 579, 'end': 580}, {'entity_group': 'LABEL_0', 'score': np.float32(0.97490084), 'word': '997] ECR I-135, paragraph 51; and Case C-24/95', 'start': 580, 'end': 626}, {'entity_group': 'LABEL_1', 'score': np.float32(0.9995653), 'word': ' Al', 'start': 626, 'end': 629}, {'entity_group': 'LABEL_0', 'score': np.float32(0.84204483), 'word': 'can Deutschland [', 'start': 629, 'end': 646}, {'entity_group': 'LABEL_1', 'score': np.float32(0.9563521), 'word': '1', 'start': 646, 'end': 647}, {'entity_group': 'LABEL_0', 'score': np.float32(0.97003365), 'word': '997] ECR I-1591, paragraph 25).', 'start': 647, 'end': 678}]"
"In particular, where aid is paid without prior notification to the Commission, so that it is unlawful under Article 93(3) of the Treaty, the recipient of the aid cannot have at that time a legitimate expectation that its grant is lawful (see Alcan Deutschland, cited above, paragraphs 30 and 31).",prem,"[{'entity_group': 'LABEL_1', 'score': np.float32(0.95471454), 'word': 'In', 'start': 0, 'end': 2}, {'entity_group': 'LABEL_0', 'score': np.float32(0.78177285), 'word': ' particular, where aid', 'start': 2, 'end': 24}, {'entity_group': 'LABEL_1', 'score': np.float32(0.84573454), 'word': ' is', 'start': 24, 'end': 27}, {'entity_group': 'LABEL_0', 'score': np.float32(0.9999771), 'word': ' paid', 'start': 27, 'end': 32}, {'entity_group': 'LABEL_1', 'score': np.float32(0.99999464), 'word': ' without prior', 'start': 32, 'end': 46}, {'entity_group': 'LABEL_0', 'score': np.float32(0.9961134), 'word': ' notification to the Commission', 'start': 46, 'end': 77}, {'entity_group': 'LABEL_1', 'score': np.float32(0.9855605), 'word': ',', 'start': 77, 'end': 78}, {'entity_group': 'LABEL_0', 'score': np.float32(0.9999819), 'word': ' so', 'start': 78, 'end': 81}, {'entity_group': 'LABEL_1', 'score': np.float32(0.7958779), 'word': ' that', 'start': 81, 'end': 86}, {'entity_group': 'LABEL_0', 'score': np.float32(0.9982983), 'word': ' it is', 'start': 86, 'end': 92}, {'entity_group': 'LABEL_1', 'score': np.float32(0.8098842), 'word': ' unlawful under', 'start': 92, 'end': 107}, {'entity_group': 'LABEL_0', 'score': np.float32(0.97235566), 'word': ' Article 93(3)', 'start': 107, 'end': 121}, {'entity_group': 'LABEL_1', 'score': np.float32(0.999856), 'word': ' of the', 'start': 121, 'end': 128}, {'entity_group': 'LABEL_0', 'score': np.float32(0.9925642), 'word': ' Treaty, the recipient of the aid cannot have at that time a legitimate expectation that its grant', 'start': 128, 'end': 226}, {'entity_group': 'LABEL_1', 'score': np.float32(0.98618674), 'word': ' is', 'start': 226, 'end': 229}, {'entity_group': 'LABEL_0', 'score': np.float32(0.99999976), 'word': ' lawful', 'start': 229, 'end': 236}, {'entity_group': 'LABEL_1', 'score': np.float32(0.98569787), 'word': ' (', 'start': 236, 'end': 238}, {'entity_group': 'LABEL_0', 'score': np.float32(0.99027526), 'word': 'see', 'start': 238, 'end': 241}, {'entity_group': 'LABEL_1', 'score': np.float32(0.9995616), 'word': ' Al', 'start': 241, 'end': 244}, {'entity_group': 'LABEL_0', 'score': np.float32(0.9759777), 'word': 'can Deutschland, cited above', 'start': 244, 'end': 272}, {'entity_group': 'LABEL_1', 'score': np.float32(0.8245103), 'word': ',', 'start': 272, 'end': 273}, {'entity_group': 'LABEL_0', 'score': np.float32(0.8861007), 'word': ' paragraphs 30 and 31).', 'start': 273, 'end': 296}]"
"In the present case, the Court of First Instance stated at paragraph 235 of the judgment under appeal that it was not disputed that the tax credit of 45% had been introduced without prior notification, in infringement of Article 93(3) of the Treaty.",prem,"[{'entity_group': 'LABEL_1', 'score': np.float32(0.9547153), 'word': 'In', 'start': 0, 'end': 2}, {'entity_group': 'LABEL_0', 'score': np.float32(0.97171235), 'word': ' the present case, the Court of First Instance stated at paragraph 235 of', 'start': 2, 'end': 75}, {'entity_group': 'LABEL_1', 'score': np.float32(0.8910027), 'word': ' the', 'start': 75, 'end': 79}, {'entity_group': 'LABEL_0', 'score': np.float32(0.9999962), 'word': ' judgment', 'start': 79, 'end': 88}, {'entity_group': 'LABEL_1', 'score': np.float32(0.99492186), 'word': ' under', 'start': 88, 'end': 94}, {'entity_group': 'LABEL_0', 'score': np.float32(0.9992139), 'word': ' appeal that it', 'start': 94, 'end': 109}, {'entity_group': 'LABEL_1', 'score': np.float32(0.66226625), 'word': ' was not', 'start': 109, 'end': 117}, {'entity_group': 'LABEL_0', 'score': np.float32(0.95757335), 'word': ' disputed that the tax', 'start': 117, 'end': 139}, {'entity_group': 'LABEL_1', 'score': np.float32(0.99984694), 'word': ' credit', 'start': 139, 'end': 146}, {'entity_group': 'LABEL_0', 'score': np.float32(0.9999646), 'word': ' of 45', 'start': 146, 'end': 152}, {'entity_group': 'LABEL_1', 'score': np.float32(0.9999183), 'word': '% had been', 'start': 152, 'end': 162}, {'entity_group': 'LABEL_0', 'score': np.float32(0.9997247), 'word': ' introduced', 'start': 162, 'end': 173}, {'entity_group': 'LABEL_1', 'score': np.float32(0.99195987), 'word': ' without prior', 'start': 173, 'end': 187}, {'entity_group': 'LABEL_0', 'score': np.float32(0.99110126), 'word': ' notification, in infringement', 'start': 187, 'end': 217}, {'entity_group': 'LABEL_1', 'score': np.float32(0.9999213), 'word': ' of', 'start': 217, 'end': 220}, {'entity_group': 'LABEL_0', 'score': np.float32(0.99610025), 'word': ' Article 93(3)', 'start': 220, 'end': 234}, {'entity_group': 'LABEL_1', 'score': np.float32(0.9999075), 'word': ' of the', 'start': 234, 'end': 241}, {'entity_group': 'LABEL_0', 'score': np.float32(0.99999475), 'word': ' Treaty', 'start': 241, 'end': 248}, {'entity_group': 'LABEL_1', 'score': np.float32(0.60405725), 'word': '.', 'start': 248, 'end': 249}]"
"At paragraph 236 of the judgment under appeal, the Court of First Instance correctly held, referring inter alia to Commission v Germany, cited above, that the argument based on the principle of the protection of legitimate interests could not be upheld.",prem,"[{'entity_group': 'LABEL_1', 'score': np.float32(0.5653147), 'word': 'At', 'start': 0, 'end': 2}, {'entity_group': 'LABEL_0', 'score': np.float32(0.99861753), 'word': ' paragraph 236', 'start': 2, 'end': 16}, {'entity_group': 'LABEL_1', 'score': np.float32(0.8677627), 'word': ' of the', 'start': 16, 'end': 23}, {'entity_group': 'LABEL_0', 'score': np.float32(1.0), 'word': ' judgment', 'start': 23, 'end': 32}, {'entity_group': 'LABEL_1', 'score': np.float32(0.9939169), 'word': ' under', 'start': 32, 'end': 38}, {'entity_group': 'LABEL_0', 'score': np.float32(0.9896428), 'word': ' appeal', 'start': 38, 'end': 45}, {'entity_group': 'LABEL_1', 'score': np.float32(0.9993755), 'word': ',', 'start': 45, 'end': 46}, {'entity_group': 'LABEL_0', 'score': np.float32(0.6048819), 'word': ' the', 'start': 46, 'end': 50}, {'entity_group': 'LABEL_1', 'score': np.float32(0.9285328), 'word': ' Court of First Instance correctly', 'start': 50, 'end': 84}, {'entity_group': 'LABEL_0', 'score': np.float32(0.9999993), 'word': ' held', 'start': 84, 'end': 89}, {'entity_group': 'LABEL_1', 'score': np.float32(0.89423543), 'word': ',', 'start': 89, 'end': 90}, {'entity_group': 'LABEL_0', 'score': np.float32(0.9785035), 'word': ' referring inter alia to Commission v Germany, cited above', 'start': 90, 'end': 148}, {'entity_group': 'LABEL_1', 'score': np.float32(0.7815967), 'word': ',', 'start': 148, 'end': 149}, {'entity_group': 'LABEL_0', 'score': np.float32(0.9457569), 'word': ' that the argument based', 'start': 149, 'end': 173}, {'entity_group': 'LABEL_1', 'score': np.float32(0.79984725), 'word': ' on the', 'start': 173, 'end': 180}, {'entity_group': 'LABEL_0', 'score': np.float32(0.99951535), 'word': ' principle of the protection of', 'start': 180, 'end': 211}, {'entity_group': 'LABEL_1', 'score': np.float32(0.5420544), 'word': ' legitimate', 'start': 211, 'end': 222}, {'entity_group': 'LABEL_0', 'score': np.float32(0.955631), 'word': ' interests could', 'start': 222, 'end': 238}, {'entity_group': 'LABEL_1', 'score': np.float32(0.9307019), 'word': ' not', 'start': 238, 'end': 242}, {'entity_group': 'LABEL_0', 'score': np.float32(0.9654319), 'word': ' be upheld.', 'start': 242, 'end': 253}]"
"At the following paragraph of that judgment, the Court of First Instance correctly stated that the applicant’s argument was based on a misreading of Decision 93/337.",prem,"[{'entity_group': 'LABEL_1', 'score': np.float32(0.731683), 'word': 'At the', 'start': 0, 'end': 6}, {'entity_group': 'LABEL_0', 'score': np.float32(0.96327734), 'word': ' following paragraph', 'start': 6, 'end': 26}, {'entity_group': 'LABEL_1', 'score': np.float32(0.8706872), 'word': ' of', 'start': 26, 'end': 29}, {'entity_group': 'LABEL_0', 'score': np.float32(0.96983993), 'word': ' that judgment', 'start': 29, 'end': 43}, {'entity_group': 'LABEL_1', 'score': np.float32(0.9908042), 'word': ',', 'start': 43, 'end': 44}, {'entity_group': 'LABEL_0', 'score': np.float32(0.9995609), 'word': ' the', 'start': 44, 'end': 48}, {'entity_group': 'LABEL_1', 'score': np.float32(0.99993336), 'word': ' Court', 'start': 48, 'end': 54}, {'entity_group': 'LABEL_0', 'score': np.float32(0.8521384), 'word': ' of First', 'start': 54, 'end': 63}, {'entity_group': 'LABEL_1', 'score': np.float32(0.87205756), 'word': ' Instance correctly stated that', 'start': 63, 'end': 94}, {'entity_group': 'LABEL_0', 'score': np.float32(0.85652876), 'word': ' the applicant’', 'start': 94, 'end': 109}, {'entity_group': 'LABEL_1', 'score': np.float32(0.97344583), 'word': 's', 'start': 109, 'end': 110}, {'entity_group': 'LABEL_0', 'score': np.float32(0.9997597), 'word': ' argument was based', 'start': 110, 'end': 129}, {'entity_group': 'LABEL_1', 'score': np.float32(0.9172232), 'word': ' on', 'start': 129, 'end': 132}, {'entity_group': 'LABEL_0', 'score': np.float32(0.9981888), 'word': ' a misreading', 'start': 132, 'end': 145}, {'entity_group': 'LABEL_1', 'score': np.float32(0.5921756), 'word': ' of', 'start': 145, 'end': 148}, {'entity_group': 'LABEL_0', 'score': np.float32(0.95249873), 'word': ' Decision 93/337.', 'start': 148, 'end': 165}]"
"In that decision, as the Court of First Instance emphasised, the Commission had characterised the aid in question as incompatible with the common market not only because it was contrary to Article 52 of the Treaty but also, at Part V of that decision, in which the Commission examines the possibility of applying one of the derogations provided for in Article 92 of the Treaty, because it did not comply with the various rules relating to aid.",prem,"[{'entity_group': 'LABEL_1', 'score': np.float32(0.9547151), 'word': 'In', 'start': 0, 'end': 2}, {'entity_group': 'LABEL_0', 'score': np.float32(0.93865776), 'word': ' that decision, as the', 'start': 2, 'end': 24}, {'entity_group': 'LABEL_1', 'score': np.float32(0.9110677), 'word': ' Court', 'start': 24, 'end': 30}, {'entity_group': 'LABEL_0', 'score': np.float32(0.9994885), 'word': ' of First', 'start': 30, 'end': 39}, {'entity_group': 'LABEL_1', 'score': np.float32(0.8817246), 'word': ' Instance', 'start': 39, 'end': 48}, {'entity_group': 'LABEL_0', 'score': np.float32(0.99948883), 'word': ' emphasised', 'start': 48, 'end': 59}, {'entity_group': 'LABEL_1', 'score': np.float32(0.99840206), 'word': ',', 'start': 59, 'end': 60}, {'entity_group': 'LABEL_0', 'score': np.float32(0.97012633), 'word': ' the Commission had characterised the aid in question as incompatible with the common market not only because it was contrary', 'start': 60, 'end': 185}, {'entity_group': 'LABEL_1', 'score': np.float32(0.9756242), 'word': ' to', 'start': 185, 'end': 188}, {'entity_group': 'LABEL_0', 'score': np.float32(0.92092365), 'word': ' Article', 'start': 188, 'end': 196}, {'entity_group': 'LABEL_1', 'score': np.float32(0.9647436), 'word': ' ', 'start': 196, 'end': 197}, {'entity_group': 'LABEL_0', 'score': np.float32(0.9672108), 'word': '52 of the Treaty but also, at Part V of', 'start': 197, 'end': 236}, {'entity_group': 'LABEL_1', 'score': np.float32(0.9933702), 'word': ' that', 'start': 236, 'end': 241}, {'entity_group': 'LABEL_0', 'score': np.float32(0.9924672), 'word': ' decision, in', 'start': 241, 'end': 254}, {'entity_group': 'LABEL_1', 'score': np.float32(0.86715984), 'word': ' which the', 'start': 254, 'end': 264}, {'entity_group': 'LABEL_0', 'score': np.float32(0.9651205), 'word': ' Commission examines', 'start': 264, 'end': 284}, {'entity_group': 'LABEL_1', 'score': np.float32(0.8413975), 'word': ' the', 'start': 284, 'end': 288}, {'entity_group': 'LABEL_0', 'score': np.float32(0.9999901), 'word': ' possibility', 'start': 288, 'end': 300}, {'entity_group': 'LABEL_1', 'score': np.float32(0.95145416), 'word': ' of applying', 'start': 300, 'end': 312}, {'entity_group': 'LABEL_0', 'score': np.float32(0.9978269), 'word': ' one', 'start': 312, 'end': 316}, {'entity_group': 'LABEL_1', 'score': np.float32(0.82557935), 'word': ' of the', 'start': 316, 'end': 323}, {'entity_group': 'LABEL_0', 'score': np.float32(0.9641598), 'word': ' derogations provided for in Article 92 of the Treaty, because it did not comply with', 'start': 323, 'end': 408}, {'entity_group': 'LABEL_1', 'score': np.float32(0.8043289), 'word': ' the various rules', 'start': 408, 'end': 426}, {'entity_group': 'LABEL_0', 'score': np.float32(0.9564001), 'word': ' relating to aid.', 'start': 426, 'end': 443}]"
"More specifically, in Decision 93/337 the Commission:

–
 had stated that the aid in question included a tax credit of 20% in respect of investments (Part I);",prem,"[{'entity_group': 'LABEL_1', 'score': np.float32(0.74170184), 'word': 'More specifically, in', 'start': 0, 'end': 21}, {'entity_group': 'LABEL_0', 'score': np.float32(0.95995075), 'word': ' Decision 93/337 the', 'start': 21, 'end': 41}, {'entity_group': 'LABEL_1', 'score': np.float32(0.9949374), 'word': ' Commission', 'start': 41, 'end': 52}, {'entity_group': 'LABEL_0', 'score': np.float32(0.9657579), 'word': ':', 'start': 52, 'end': 53}, {'entity_group': 'LABEL_1', 'score': np.float32(0.98836064), 'word': '\n\n', 'start': 53, 'end': 55}, {'entity_group': 'LABEL_0', 'score': np.float32(0.9970636), 'word': '–', 'start': 55, 'end': 56}, {'entity_group': 'LABEL_1', 'score': np.float32(0.99929845), 'word': '\n', 'start': 56, 'end': 57}, {'entity_group': 'LABEL_0', 'score': np.float32(0.9717838), 'word': ' had stated that the aid in question included a tax credit of 20% in respect of investments', 'start': 57, 'end': 148}, {'entity_group': 'LABEL_1', 'score': np.float32(0.83661824), 'word': ' (', 'start': 148, 'end': 150}, {'entity_group': 'LABEL_0', 'score': np.float32(0.9911464), 'word': 'Part I);', 'start': 150, 'end': 158}]"
"had considered that, for the purpose of applying the derogation provided for in Article 92(3)(c) of the Treaty, the conditions laid down in the Community guidelines of 19 August 1992 on State aid for small and medium-sized enterprises (OJ 1992 C 213, p. 2), which, after defining in point 2.2 the components of the category of small and medium-sized enterprises, stated, at point 4.1, fifth paragraph, that the Commission had decided to allow investment aid only up to the levels of 15% of the investment for small enterprises and 7.5% of the investment for other enterprises in the same category, were not satisfied (Part V);",prem,"[{'entity_group': 'LABEL_0', 'score': np.float32(0.98668414), 'word': 'had considered that, for the purpose', 'start': 0, 'end': 36}, {'entity_group': 'LABEL_1', 'score': np.float32(0.9887949), 'word': ' of', 'start': 36, 'end': 39}, {'entity_group': 'LABEL_0', 'score': np.float32(0.97915435), 'word': ' applying', 'start': 39, 'end': 48}, {'entity_group': 'LABEL_1', 'score': np.float32(0.5630712), 'word': ' the', 'start': 48, 'end': 52}, {'entity_group': 'LABEL_0', 'score': np.float32(0.9989131), 'word': ' derogation', 'start': 52, 'end': 63}, {'entity_group': 'LABEL_1', 'score': np.float32(0.9824782), 'word': ' provided', 'start': 63, 'end': 72}, {'entity_group': 'LABEL_0', 'score': np.float32(0.92868584), 'word': ' for in Article 92(3)(c) of the Treaty', 'start': 72, 'end': 110}, {'entity_group': 'LABEL_1', 'score': np.float32(0.9993266), 'word': ',', 'start': 110, 'end': 111}, {'entity_group': 'LABEL_0', 'score': np.float32(0.8820776), 'word': ' the conditions laid down', 'start': 111, 'end': 136}, {'entity_group': 'LABEL_1', 'score': np.float32(0.557263), 'word': ' in', 'start': 136, 'end': 139}, {'entity_group': 'LABEL_0', 'score': np.float32(0.9035348), 'word': ' the', 'start': 139, 'end': 143}, {'entity_group': 'LABEL_1', 'score': np.float32(0.99008965), 'word': ' Community', 'start': 143, 'end': 153}, {'entity_group': 'LABEL_0', 'score': np.float32(0.9999857), 'word': ' guidelines of 19 August', 'start': 153, 'end': 177}, {'entity_group': 'LABEL_1', 'score': np.float32(0.60764635), 'word': ' ', 'start': 177, 'end': 178}, {'entity_group': 'LABEL_0', 'score': np.float32(0.985895), 'word': '1992 on', 'start': 178, 'end': 185}, {'entity_group': 'LABEL_1', 'score': np.float32(0.7400353), 'word': ' State', 'start': 185, 'end': 191}, {'entity_group': 'LABEL_0', 'score': np.float32(0.9998436), 'word': ' aid', 'start': 191, 'end': 195}, {'entity_group': 'LABEL_1', 'score': np.float32(0.99133235), 'word': ' for small and medium-sized', 'start': 195, 'end': 222}, {'entity_group': 'LABEL_0', 'score': np.float32(0.97277176), 'word': ' enterprises', 'start': 222, 'end': 234}, {'entity_group': 'LABEL_1', 'score': np.float32(0.99708265), 'word': ' (', 'start': 234, 'end': 236}, {'entity_group': 'LABEL_0', 'score': np.float32(1.0), 'word': 'OJ', 'start': 236, 'end': 238}, {'entity_group': 'LABEL_1', 'score': np.float32(0.9999999), 'word': ' ', 'start': 238, 'end': 239}, {'entity_group': 'LABEL_0', 'score': np.float32(0.96290666), 'word': '1992 C 213, p. 2), which, after defining', 'start': 239, 'end': 279}, {'entity_group': 'LABEL_1', 'score': np.float32(0.86398435), 'word': ' in', 'start': 279, 'end': 282}, {'entity_group': 'LABEL_0', 'score': np.float32(0.9999075), 'word': ' point 2.2', 'start': 282, 'end': 292}, {'entity_group': 'LABEL_1', 'score': np.float32(0.98167086), 'word': ' the', 'start': 292, 'end': 296}, {'entity_group': 'LABEL_0', 'score': np.float32(0.82638925), 'word': ' components of', 'start': 296, 'end': 310}, {'entity_group': 'LABEL_1', 'score': np.float32(0.56594884), 'word': ' the', 'start': 310, 'end': 314}, {'entity_group': 'LABEL_0', 'score': np.float32(0.9262763), 'word': ' category of small and medium', 'start': 314, 'end': 343}, {'entity_group': 'LABEL_1', 'score': np.float32(0.92656684), 'word': '-sized', 'start': 343, 'end': 349}, {'entity_group': 'LABEL_0', 'score': np.float32(0.98978734), 'word': ' enterprises, stated, at point 4.1,', 'start': 349, 'end': 384}, {'entity_group': 'LABEL_1', 'score': np.float32(0.99936193), 'word': ' fifth', 'start': 384, 'end': 390}, {'entity_group': 'LABEL_0', 'score': np.float32(0.96265393), 'word': ' paragraph, that the Commission had decided to allow investment aid only', 'start': 390, 'end': 462}, {'entity_group': 'LABEL_1', 'score': np.float32(0.99938285), 'word': ' up', 'start': 462, 'end': 465}, {'entity_group': 'LABEL_0', 'score': np.float32(0.9999604), 'word': ' to', 'start': 465, 'end': 468}, {'entity_group': 'LABEL_1', 'score': np.float32(0.8401211), 'word': ' the levels of ', 'start': 468, 'end': 483}, {'entity_group': 'LABEL_0', 'score': np.float32(0.9659339), 'word': '15', 'start': 483, 'end': 485}, {'entity_group': 'LABEL_1', 'score': np.float32(0.9989352), 'word': '% of the', 'start': 485, 'end': 493}, {'entity_group': 'LABEL_0', 'score': np.float32(0.7223819), 'word': ' investment', 'start': 493, 'end': 504}, {'entity_group': 'LABEL_1', 'score': np.float32(0.96483016), 'word': ' for', 'start': 504, 'end': 508}, {'entity_group': 'LABEL_0', 'score': np.float32(0.9868804), 'word': ' small enterprises and 7.5% of', 'start': 508, 'end': 538}, {'entity_group': 'LABEL_1', 'score': np.float32(0.9670456), 'word': ' the', 'start': 538, 'end': 542}, {'entity_group': 'LABEL_0', 'score': np.float32(0.9875513), 'word': ' investment for other', 'start': 542, 'end': 563}, {'entity_group': 'LABEL_1', 'score': np.float32(0.7428575), 'word': ' enterprises', 'start': 563, 'end': 575}, {'entity_group': 'LABEL_0', 'score': np.float32(0.7918248), 'word': ' in the', 'start': 575, 'end': 582}, {'entity_group': 'LABEL_1', 'score': np.float32(0.96106064), 'word': ' same', 'start': 582, 'end': 587}, {'entity_group': 'LABEL_0', 'score': np.float32(0.9986222), 'word': ' category', 'start': 587, 'end': 596}, {'entity_group': 'LABEL_1', 'score': np.float32(0.85766745), 'word': ',', 'start': 596, 'end': 597}, {'entity_group': 'LABEL_0', 'score': np.float32(0.5672791), 'word': ' were', 'start': 597, 'end': 602}, {'entity_group': 'LABEL_1', 'score': np.float32(0.97809666), 'word': ' not', 'start': 602, 'end': 606}, {'entity_group': 'LABEL_0', 'score': np.float32(0.9859518), 'word': ' satisfied (Part V', 'start': 606, 'end': 624}, {'entity_group': 'LABEL_1', 'score': np.float32(0.9665921), 'word': ');', 'start': 624, 'end': 626}]"
"had ordered the Spanish authorities to ensure that the aid was granted, inter alia, in accordance with the conditions laid down in the Community guidelines on State aid for small and medium-sized enterprises (Article 1(4)).",prem,"[{'entity_group': 'LABEL_0', 'score': np.float32(0.9961971), 'word': 'had ordered the Spanish authorities to ensure that the aid was granted,', 'start': 0, 'end': 71}, {'entity_group': 'LABEL_1', 'score': np.float32(0.89687747), 'word': ' inter', 'start': 71, 'end': 77}, {'entity_group': 'LABEL_0', 'score': np.float32(0.9999988), 'word': ' alia,', 'start': 77, 'end': 83}, {'entity_group': 'LABEL_1', 'score': np.float32(0.9171585), 'word': ' in accordance with the', 'start': 83, 'end': 106}, {'entity_group': 'LABEL_0', 'score': np.float32(0.91729444), 'word': ' conditions laid down', 'start': 106, 'end': 127}, {'entity_group': 'LABEL_1', 'score': np.float32(0.9967338), 'word': ' in the', 'start': 127, 'end': 134}, {'entity_group': 'LABEL_0', 'score': np.float32(0.93764925), 'word': ' Community guidelines on State aid for', 'start': 134, 'end': 172}, {'entity_group': 'LABEL_1', 'score': np.float32(0.870345), 'word': ' small', 'start': 172, 'end': 178}, {'entity_group': 'LABEL_0', 'score': np.float32(0.914889), 'word': ' and medium', 'start': 178, 'end': 189}, {'entity_group': 'LABEL_1', 'score': np.float32(0.99988765), 'word': '-sized', 'start': 189, 'end': 195}, {'entity_group': 'LABEL_0', 'score': np.float32(0.9377255), 'word': ' enterprises (Article', 'start': 195, 'end': 216}, {'entity_group': 'LABEL_1', 'score': np.float32(0.6580172), 'word': ' ', 'start': 216, 'end': 217}, {'entity_group': 'LABEL_0', 'score': np.float32(0.998487), 'word': '1(4)).', 'start': 217, 'end': 223}]"
It is thus apparent that Demesa could not infer from Decision 93/337 that a tax credit of 45% granted to an undertaking of a size allowing it to make a minimum investment of ESP 2 500 million required by the Sixth Additional Provision of Norma Foral 22/1994 could not be categorised as aid for the purposes of Article 92 of the Treaty.,prem,"[{'entity_group': 'LABEL_0', 'score': np.float32(0.9519197), 'word': 'It is thus apparent', 'start': 0, 'end': 19}, {'entity_group': 'LABEL_1', 'score': np.float32(0.6882913), 'word': ' that Dem', 'start': 19, 'end': 28}, {'entity_group': 'LABEL_0', 'score': np.float32(0.9999988), 'word': 'esa', 'start': 28, 'end': 31}, {'entity_group': 'LABEL_1', 'score': np.float32(0.82416534), 'word': ' could not infer', 'start': 31, 'end': 47}, {'entity_group': 'LABEL_0', 'score': np.float32(0.98571587), 'word': ' from Decision 93/337', 'start': 47, 'end': 68}, {'entity_group': 'LABEL_1', 'score': np.float32(0.74259526), 'word': ' that a', 'start': 68, 'end': 75}, {'entity_group': 'LABEL_0', 'score': np.float32(0.95636463), 'word': ' tax credit of 45% granted to', 'start': 75, 'end': 104}, {'entity_group': 'LABEL_1', 'score': np.float32(0.9006939), 'word': ' an', 'start': 104, 'end': 107}, {'entity_group': 'LABEL_0', 'score': np.float32(0.9778321), 'word': ' undertaking of', 'start': 107, 'end': 122}, {'entity_group': 'LABEL_1', 'score': np.float32(0.95854604), 'word': ' a size allowing it', 'start': 122, 'end': 141}, {'entity_group': 'LABEL_0', 'score': np.float32(0.99935013), 'word': ' to', 'start': 141, 'end': 144}, {'entity_group': 'LABEL_1', 'score': np.float32(0.9232338), 'word': ' make a minimum', 'start': 144, 'end': 159}, {'entity_group': 'LABEL_0', 'score': np.float32(0.9527949), 'word': ' investment of ESP 2 500 million', 'start': 159, 'end': 191}, {'entity_group': 'LABEL_1', 'score': np.float32(0.5455907), 'word': ' required', 'start': 191, 'end': 200}, {'entity_group': 'LABEL_0', 'score': np.float32(0.9182353), 'word': ' by the Sixth', 'start': 200, 'end': 213}, {'entity_group': 'LABEL_1', 'score': np.float32(0.8441999), 'word': ' Additional Provision of', 'start': 213, 'end': 237}, {'entity_group': 'LABEL_0', 'score': np.float32(0.98539126), 'word': ' Norma For', 'start': 237, 'end': 247}, {'entity_group': 'LABEL_1', 'score': np.float32(0.78766143), 'word': 'al ', 'start': 247, 'end': 250}, {'entity_group': 'LABEL_0', 'score': np.float32(0.99877393), 'word': '22', 'start': 250, 'end': 252}, {'entity_group': 'LABEL_1', 'score': np.float32(0.75821537), 'word': '/', 'start': 252, 'end': 253}, {'entity_group': 'LABEL_0', 'score': np.float32(0.9988862), 'word': '19', 'start': 253, 'end': 255}, {'entity_group': 'LABEL_1', 'score': np.float32(0.9997516), 'word': '9', 'start': 255, 'end': 256}, {'entity_group': 'LABEL_0', 'score': np.float32(0.9905599), 'word': '4 could not be categorised', 'start': 256, 'end': 282}, {'entity_group': 'LABEL_1', 'score': np.float32(0.80664855), 'word': ' as', 'start': 282, 'end': 285}, {'entity_group': 'LABEL_0', 'score': np.float32(0.9405038), 'word': ' aid for the purposes of Article', 'start': 285, 'end': 317}, {'entity_group': 'LABEL_1', 'score': np.float32(0.72289336), 'word': ' ', 'start': 317, 'end': 318}, {'entity_group': 'LABEL_0', 'score': np.float32(0.992924), 'word': '92 of the Treaty.', 'start': 318, 'end': 335}]"
">In the light of the terms of Decision 93/337, the appellant cannot therefore claim the possibility, which cannot be excluded (see Commission v Germany, cited above, paragraph 16), for the recipient of unlawful aid to rely on exceptional circumstances on the basis of which it legitimately assumed the aid to be lawful.",prem,"[{'entity_group': 'LABEL_1', 'score': np.float32(0.8142797), 'word': '>In', 'start': 0, 'end': 3}, {'entity_group': 'LABEL_0', 'score': np.float32(0.99960107), 'word': ' the light', 'start': 3, 'end': 13}, {'entity_group': 'LABEL_1', 'score': np.float32(0.75833255), 'word': ' of', 'start': 13, 'end': 16}, {'entity_group': 'LABEL_0', 'score': np.float32(0.985373), 'word': ' the terms', 'start': 16, 'end': 26}, {'entity_group': 'LABEL_1', 'score': np.float32(0.65407026), 'word': ' of', 'start': 26, 'end': 29}, {'entity_group': 'LABEL_0', 'score': np.float32(0.99998546), 'word': ' Decision', 'start': 29, 'end': 38}, {'entity_group': 'LABEL_1', 'score': np.float32(0.97560704), 'word': ' ', 'start': 38, 'end': 39}, {'entity_group': 'LABEL_0', 'score': np.float32(0.9914005), 'word': '93/337, the appellant cannot therefore claim the possibility, which', 'start': 39, 'end': 106}, {'entity_group': 'LABEL_1', 'score': np.float32(0.6976891), 'word': ' cannot', 'start': 106, 'end': 113}, {'entity_group': 'LABEL_0', 'score': np.float32(0.78344905), 'word': ' be excluded', 'start': 113, 'end': 125}, {'entity_group': 'LABEL_1', 'score': np.float32(0.9998528), 'word': ' (', 'start': 125, 'end': 127}, {'entity_group': 'LABEL_0', 'score': np.float32(0.9467266), 'word': 'see Commission v Germany, cited above, paragraph 16), for the recipient of', 'start': 127, 'end': 201}, {'entity_group': 'LABEL_1', 'score': np.float32(0.999943), 'word': ' unlawful', 'start': 201, 'end': 210}, {'entity_group': 'LABEL_0', 'score': np.float32(0.9999335), 'word': ' aid to rely on', 'start': 210, 'end': 225}, {'entity_group': 'LABEL_1', 'score': np.float32(0.98971087), 'word': ' exceptional', 'start': 225, 'end': 237}, {'entity_group': 'LABEL_0', 'score': np.float32(0.8590712), 'word': ' circumstances on the basis of which it', 'start': 237, 'end': 276}, {'entity_group': 'LABEL_1', 'score': np.float32(0.99857736), 'word': ' legitimately', 'start': 276, 'end': 289}, {'entity_group': 'LABEL_0', 'score': np.float32(0.98186755), 'word': ' assumed the aid to be lawful', 'start': 289, 'end': 318}, {'entity_group': 'LABEL_1', 'score': np.float32(0.86939174), 'word': '.', 'start': 318, 'end': 319}]"
"As regards the Commission’s alleged failure to act, the Commission rightly claims that any apparent failure to act is irrelevant when an aid scheme has not been notified to it.",prem,"[{'entity_group': 'LABEL_0', 'score': np.float32(0.98685324), 'word': 'As regards', 'start': 0, 'end': 10}, {'entity_group': 'LABEL_1', 'score': np.float32(0.8341742), 'word': ' the', 'start': 10, 'end': 14}, {'entity_group': 'LABEL_0', 'score': np.float32(0.99998355), 'word': ' Commission’', 'start': 14, 'end': 26}, {'entity_group': 'LABEL_1', 'score': np.float32(0.977621), 'word': 's', 'start': 26, 'end': 27}, {'entity_group': 'LABEL_0', 'score': np.float32(0.96462494), 'word': ' alleged failure to act, the Commission rightly claims that any apparent failure to act', 'start': 27, 'end': 114}, {'entity_group': 'LABEL_1', 'score': np.float32(0.7501987), 'word': ' is', 'start': 114, 'end': 117}, {'entity_group': 'LABEL_0', 'score': np.float32(0.88707477), 'word': ' irrelevant when an aid scheme', 'start': 117, 'end': 147}, {'entity_group': 'LABEL_1', 'score': np.float32(0.711459), 'word': ' has', 'start': 147, 'end': 151}, {'entity_group': 'LABEL_0', 'score': np.float32(0.93779594), 'word': ' not been notified to it', 'start': 151, 'end': 175}, {'entity_group': 'LABEL_1', 'score': np.float32(0.9943151), 'word': '.', 'start': 175, 'end': 176}]"
"It must be borne in mind that to allow a party to put forward for the first time before the Court of Justice a plea in law which it has not raised before the Court of First Instance would be to allow it to bring before the Court, whose jurisdiction in appeals is limited, a case of wider ambit than that which came before the Court of First Instance.",prem,"[{'entity_group': 'LABEL_0', 'score': np.float32(0.9427516), 'word': 'It must be borne in mind that to allow a party to put forward', 'start': 0, 'end': 61}, {'entity_group': 'LABEL_1', 'score': np.float32(0.9381744), 'word': ' for', 'start': 61, 'end': 65}, {'entity_group': 'LABEL_0', 'score': np.float32(0.98350626), 'word': ' the', 'start': 65, 'end': 69}, {'entity_group': 'LABEL_1', 'score': np.float32(0.9637151), 'word': ' first', 'start': 69, 'end': 75}, {'entity_group': 'LABEL_0', 'score': np.float32(0.98369014), 'word': ' time before the Court', 'start': 75, 'end': 97}, {'entity_group': 'LABEL_1', 'score': np.float32(0.9999856), 'word': ' of', 'start': 97, 'end': 100}, {'entity_group': 'LABEL_0', 'score': np.float32(0.9750583), 'word': ' Justice a plea in', 'start': 100, 'end': 118}, {'entity_group': 'LABEL_1', 'score': np.float32(0.975178), 'word': ' law', 'start': 118, 'end': 122}, {'entity_group': 'LABEL_0', 'score': np.float32(0.94848305), 'word': ' which it has', 'start': 122, 'end': 135}, {'entity_group': 'LABEL_1', 'score': np.float32(0.8237378), 'word': ' not', 'start': 135, 'end': 139}, {'entity_group': 'LABEL_0', 'score': np.float32(0.9934584), 'word': ' raised before the Court', 'start': 139, 'end': 163}, {'entity_group': 'LABEL_1', 'score': np.float32(0.9946995), 'word': ' of First', 'start': 163, 'end': 172}, {'entity_group': 'LABEL_0', 'score': np.float32(0.96646553), 'word': ' Instance would be to allow it to bring before the Court, whose jurisdiction', 'start': 172, 'end': 248}, {'entity_group': 'LABEL_1', 'score': np.float32(0.999905), 'word': ' in', 'start': 248, 'end': 251}, {'entity_group': 'LABEL_0', 'score': np.float32(0.8475681), 'word': ' appeals', 'start': 251, 'end': 259}, {'entity_group': 'LABEL_1', 'score': np.float32(0.99989927), 'word': ' is', 'start': 259, 'end': 262}, {'entity_group': 'LABEL_0', 'score': np.float32(0.9999304), 'word': ' limited', 'start': 262, 'end': 270}, {'entity_group': 'LABEL_1', 'score': np.float32(0.83590287), 'word': ',', 'start': 270, 'end': 271}, {'entity_group': 'LABEL_0', 'score': np.float32(0.99823767), 'word': ' a case', 'start': 271, 'end': 278}, {'entity_group': 'LABEL_1', 'score': np.float32(0.8265979), 'word': ' of wider amb', 'start': 278, 'end': 291}, {'entity_group': 'LABEL_0', 'score': np.float32(0.94129306), 'word': 'it than that which came before the Court of First Instance.', 'start': 291, 'end': 350}]"
"In an appeal the Court’s jurisdiction is thus confined to review of the findings of law on the pleas argued before the Court of First Instance (see, in particular, Case C-136/92 P Commission v Brazzelli Lualdi and Others [1994] ECR I-1981, paragraph 59; Case C-7/95 P Deere v Commission [1998] ECR I‑3111, paragraph 62; and Case C-217/01 P Hendrickx v Cedefop [2003] ECR I‑3701, paragraph 37).",prem,"[{'entity_group': 'LABEL_1', 'score': np.float32(0.97668266), 'word': 'In an', 'start': 0, 'end': 5}, {'entity_group': 'LABEL_0', 'score': np.float32(0.93521494), 'word': ' appeal the Court’s jurisdiction', 'start': 5, 'end': 37}, {'entity_group': 'LABEL_1', 'score': np.float32(0.9793827), 'word': ' is thus', 'start': 37, 'end': 45}, {'entity_group': 'LABEL_0', 'score': np.float32(0.9982865), 'word': ' confined to', 'start': 45, 'end': 57}, {'entity_group': 'LABEL_1', 'score': np.float32(0.855202), 'word': ' review of the', 'start': 57, 'end': 71}, {'entity_group': 'LABEL_0', 'score': np.float32(0.9982917), 'word': ' findings', 'start': 71, 'end': 80}, {'entity_group': 'LABEL_1', 'score': np.float32(0.96683997), 'word': ' of', 'start': 80, 'end': 83}, {'entity_group': 'LABEL_0', 'score': np.float32(0.99761707), 'word': ' law', 'start': 83, 'end': 87}, {'entity_group': 'LABEL_1', 'score': np.float32(0.9998841), 'word': ' on', 'start': 87, 'end': 90}, {'entity_group': 'LABEL_0', 'score': np.float32(0.9932344), 'word': ' the pleas argued before', 'start': 90, 'end': 114}, {'entity_group': 'LABEL_1', 'score': np.float32(0.99241906), 'word': ' the Court of', 'start': 114, 'end': 127}, {'entity_group': 'LABEL_0', 'score': np.float32(0.82113034), 'word': ' First Instance', 'start': 127, 'end': 142}, {'entity_group': 'LABEL_1', 'score': np.float32(0.8543737), 'word': ' (see, in particular,', 'start': 142, 'end': 163}, {'entity_group': 'LABEL_0', 'score': np.float32(0.97767216), 'word': ' Case C-136/92 P Commission v', 'start': 163, 'end': 192}, {'entity_group': 'LABEL_1', 'score': np.float32(0.82411665), 'word': ' Brazzelli', 'start': 192, 'end': 202}, {'entity_group': 'LABEL_0', 'score': np.float32(0.94865566), 'word': ' Lualdi and Others [', 'start': 202, 'end': 222}, {'entity_group': 'LABEL_1', 'score': np.float32(0.99883896), 'word': '1', 'start': 222, 'end': 223}, {'entity_group': 'LABEL_0', 'score': np.float32(0.8079203), 'word': '99', 'start': 223, 'end': 225}, {'entity_group': 'LABEL_1', 'score': np.float32(0.6742895), 'word': '4', 'start': 225, 'end': 226}, {'entity_group': 'LABEL_0', 'score': np.float32(0.9915592), 'word': ']', 'start': 226, 'end': 227}, {'entity_group': 'LABEL_1', 'score': np.float32(0.97008103), 'word': ' ECR', 'start': 227, 'end': 231}, {'entity_group': 'LABEL_0', 'score': np.float32(0.99994725), 'word': ' I-1981', 'start': 231, 'end': 238}, {'entity_group': 'LABEL_1', 'score': np.float32(0.86776197), 'word': ',', 'start': 238, 'end': 239}, {'entity_group': 'LABEL_0', 'score': np.float32(0.93552554), 'word': ' paragraph 59; Case C-7/95 P Deere', 'start': 239, 'end': 273}, {'entity_group': 'LABEL_1', 'score': np.float32(0.9900097), 'word': ' v', 'start': 273, 'end': 275}, {'entity_group': 'LABEL_0', 'score': np.float32(0.9874256), 'word': ' Commission', 'start': 275, 'end': 286}, {'entity_group': 'LABEL_1', 'score': np.float32(0.9467558), 'word': ' [19', 'start': 286, 'end': 290}, {'entity_group': 'LABEL_0', 'score': np.float32(0.9784172), 'word': '98] ECR I‑3111, paragraph 62; and Case C-217/01 P Hendrickx', 'start': 290, 'end': 349}, {'entity_group': 'LABEL_1', 'score': np.float32(0.86646515), 'word': ' v Ce', 'start': 349, 'end': 354}, {'entity_group': 'LABEL_0', 'score': np.float32(0.99220055), 'word': 'defop [', 'start': 354, 'end': 361}, {'entity_group': 'LABEL_1', 'score': np.float32(0.88954973), 'word': '20', 'start': 361, 'end': 363}, {'entity_group': 'LABEL_0', 'score': np.float32(0.9303669), 'word': '03] ECR I‑3701, paragraph 37).', 'start': 363, 'end': 393}]"
"In the present case, the Territorio Histórico de Álava did not contend at first instance that:

–
 the impugned tax measure is excluded as such from the scope of the law on State aid;",prem,"[{'entity_group': 'LABEL_1', 'score': np.float32(0.9547144), 'word': 'In', 'start': 0, 'end': 2}, {'entity_group': 'LABEL_0', 'score': np.float32(0.95238084), 'word': ' the present case, the Territor', 'start': 2, 'end': 33}, {'entity_group': 'LABEL_1', 'score': np.float32(0.88169014), 'word': 'io Histórico', 'start': 33, 'end': 45}, {'entity_group': 'LABEL_0', 'score': np.float32(0.98337364), 'word': ' de', 'start': 45, 'end': 48}, {'entity_group': 'LABEL_1', 'score': np.float32(0.9755997), 'word': ' Á', 'start': 48, 'end': 50}, {'entity_group': 'LABEL_0', 'score': np.float32(0.99282163), 'word': 'lava', 'start': 50, 'end': 54}, {'entity_group': 'LABEL_1', 'score': np.float32(0.834434), 'word': ' did not', 'start': 54, 'end': 62}, {'entity_group': 'LABEL_0', 'score': np.float32(0.97415376), 'word': ' contend at first instance that:\n\n–', 'start': 62, 'end': 97}, {'entity_group': 'LABEL_1', 'score': np.float32(0.835903), 'word': '\n the impugned tax', 'start': 97, 'end': 115}, {'entity_group': 'LABEL_0', 'score': np.float32(0.9898798), 'word': ' measure is excluded as such', 'start': 115, 'end': 143}, {'entity_group': 'LABEL_1', 'score': np.float32(0.99999475), 'word': ' from the', 'start': 143, 'end': 152}, {'entity_group': 'LABEL_0', 'score': np.float32(0.9947314), 'word': ' scope', 'start': 152, 'end': 158}, {'entity_group': 'LABEL_1', 'score': np.float32(0.9978587), 'word': ' of the', 'start': 158, 'end': 165}, {'entity_group': 'LABEL_0', 'score': np.float32(0.9758341), 'word': ' law on State aid;', 'start': 165, 'end': 183}]"
Article 92 of the Treaty has applied to the provisions of tax law only since the conclusions of the Ecofin Council meeting on 1 December 1997 concerning tax policy and the Commission notice of 10 December 1998 on the application of the State aid rules to measures relating to direct business taxation.,prem,"[{'entity_group': 'LABEL_0', 'score': np.float32(0.9999565), 'word': 'Article 92', 'start': 0, 'end': 10}, {'entity_group': 'LABEL_1', 'score': np.float32(0.9268666), 'word': ' of', 'start': 10, 'end': 13}, {'entity_group': 'LABEL_0', 'score': np.float32(0.8474495), 'word': ' the Treaty', 'start': 13, 'end': 24}, {'entity_group': 'LABEL_1', 'score': np.float32(0.99969745), 'word': ' has', 'start': 24, 'end': 28}, {'entity_group': 'LABEL_0', 'score': np.float32(0.8772144), 'word': ' applied to the provisions', 'start': 28, 'end': 54}, {'entity_group': 'LABEL_1', 'score': np.float32(0.99977404), 'word': ' of', 'start': 54, 'end': 57}, {'entity_group': 'LABEL_0', 'score': np.float32(0.72917044), 'word': ' tax', 'start': 57, 'end': 61}, {'entity_group': 'LABEL_1', 'score': np.float32(0.99515605), 'word': ' law', 'start': 61, 'end': 65}, {'entity_group': 'LABEL_0', 'score': np.float32(0.960419), 'word': ' only since the conclusions of the Ecofin Council meeting on 1 December', 'start': 65, 'end': 136}, {'entity_group': 'LABEL_1', 'score': np.float32(0.94966877), 'word': ' 1', 'start': 136, 'end': 138}, {'entity_group': 'LABEL_0', 'score': np.float32(0.9826258), 'word': '997 concerning tax policy and the Commission notice of 10 December', 'start': 138, 'end': 204}, {'entity_group': 'LABEL_1', 'score': np.float32(0.99997944), 'word': ' 1', 'start': 204, 'end': 206}, {'entity_group': 'LABEL_0', 'score': np.float32(0.9196914), 'word': '998 on the application', 'start': 206, 'end': 228}, {'entity_group': 'LABEL_1', 'score': np.float32(0.969782), 'word': ' of the', 'start': 228, 'end': 235}, {'entity_group': 'LABEL_0', 'score': np.float32(0.93981755), 'word': ' State aid rules to measures relating to direct', 'start': 235, 'end': 282}, {'entity_group': 'LABEL_1', 'score': np.float32(0.8177631), 'word': ' business', 'start': 282, 'end': 291}, {'entity_group': 'LABEL_0', 'score': np.float32(0.90817606), 'word': ' taxation.', 'start': 291, 'end': 301}]"
"In reality, it referred to the economic-policy objectives of the impugned tax measure in the course of argument as to whether that measure was justified by the nature and scheme of the tax system, that is to say, at the stage of the argument concerning the categorisation of the measure as State aid incompatible with the common market for the purposes of Article 92 of the Treaty.",prem,"[{'entity_group': 'LABEL_1', 'score': np.float32(0.9547151), 'word': 'In', 'start': 0, 'end': 2}, {'entity_group': 'LABEL_0', 'score': np.float32(0.9999999), 'word': ' reality', 'start': 2, 'end': 10}, {'entity_group': 'LABEL_1', 'score': np.float32(0.9617561), 'word': ',', 'start': 10, 'end': 11}, {'entity_group': 'LABEL_0', 'score': np.float32(0.94579446), 'word': ' it referred to the economic-policy objectives of the', 'start': 11, 'end': 64}, {'entity_group': 'LABEL_1', 'score': np.float32(0.95605564), 'word': ' impug', 'start': 64, 'end': 70}, {'entity_group': 'LABEL_0', 'score': np.float32(0.97263366), 'word': 'ned tax measure in the course of argument as to whether that measure was justified', 'start': 70, 'end': 152}, {'entity_group': 'LABEL_1', 'score': np.float32(0.9915242), 'word': ' by', 'start': 152, 'end': 155}, {'entity_group': 'LABEL_0', 'score': np.float32(0.92139024), 'word': ' the nature and scheme', 'start': 155, 'end': 177}, {'entity_group': 'LABEL_1', 'score': np.float32(0.92591465), 'word': ' of', 'start': 177, 'end': 180}, {'entity_group': 'LABEL_0', 'score': np.float32(0.91733533), 'word': ' the tax system, that is to say, at the stage of the argument concerning the categorisation of the measure', 'start': 180, 'end': 286}, {'entity_group': 'LABEL_1', 'score': np.float32(0.9794653), 'word': ' as', 'start': 286, 'end': 289}, {'entity_group': 'LABEL_0', 'score': np.float32(0.9368548), 'word': ' State aid incompatible with the common market for the purposes of Article', 'start': 289, 'end': 363}, {'entity_group': 'LABEL_1', 'score': np.float32(0.99657464), 'word': ' ', 'start': 363, 'end': 364}, {'entity_group': 'LABEL_0', 'score': np.float32(0.92544055), 'word': '92 of the Treaty.', 'start': 364, 'end': 381}]"
The Court of First Instance examined the corresponding arguments at paragraphs 167 and 168 of the judgment under appeal.,prem,"[{'entity_group': 'LABEL_1', 'score': np.float32(0.997022), 'word': 'The', 'start': 0, 'end': 3}, {'entity_group': 'LABEL_0', 'score': np.float32(0.9235374), 'word': ' Court of First Instance examined the corresponding arguments', 'start': 3, 'end': 64}, {'entity_group': 'LABEL_1', 'score': np.float32(0.56037396), 'word': ' at', 'start': 64, 'end': 67}, {'entity_group': 'LABEL_0', 'score': np.float32(0.9606088), 'word': ' paragraphs 167 and 168', 'start': 67, 'end': 90}, {'entity_group': 'LABEL_1', 'score': np.float32(0.9932132), 'word': ' of the', 'start': 90, 'end': 97}, {'entity_group': 'LABEL_0', 'score': np.float32(0.99999726), 'word': ' judgment', 'start': 97, 'end': 106}, {'entity_group': 'LABEL_1', 'score': np.float32(0.96351486), 'word': ' under', 'start': 106, 'end': 112}, {'entity_group': 'LABEL_0', 'score': np.float32(0.99956256), 'word': ' appeal', 'start': 112, 'end': 119}, {'entity_group': 'LABEL_1', 'score': np.float32(0.7227078), 'word': '.', 'start': 119, 'end': 120}]"
"The argument submitted to the Court in the present appeal, namely that, in substance, the impugned tax measure was excluded from the outset, at a stage preceding the legal reasoning, from the scope of Article 92 of the Treaty and, subsequently, from actual review by the Commission, therefore constitutes a plea raised for the first time in the appeal.",prem,"[{'entity_group': 'LABEL_1', 'score': np.float32(0.997022), 'word': 'The', 'start': 0, 'end': 3}, {'entity_group': 'LABEL_0', 'score': np.float32(0.9997716), 'word': ' argument submitted to', 'start': 3, 'end': 25}, {'entity_group': 'LABEL_1', 'score': np.float32(0.5785142), 'word': ' the', 'start': 25, 'end': 29}, {'entity_group': 'LABEL_0', 'score': np.float32(0.8312604), 'word': ' Court in the', 'start': 29, 'end': 42}, {'entity_group': 'LABEL_1', 'score': np.float32(0.89308745), 'word': ' present', 'start': 42, 'end': 50}, {'entity_group': 'LABEL_0', 'score': np.float32(0.9999856), 'word': ' appeal,', 'start': 50, 'end': 58}, {'entity_group': 'LABEL_1', 'score': np.float32(0.9924793), 'word': ' namely', 'start': 58, 'end': 65}, {'entity_group': 'LABEL_0', 'score': np.float32(0.99138385), 'word': ' that, in substance', 'start': 65, 'end': 84}, {'entity_group': 'LABEL_1', 'score': np.float32(0.9892745), 'word': ', the impug', 'start': 84, 'end': 95}, {'entity_group': 'LABEL_0', 'score': np.float32(0.55300945), 'word': 'ned', 'start': 95, 'end': 98}, {'entity_group': 'LABEL_1', 'score': np.float32(0.5837801), 'word': ' tax', 'start': 98, 'end': 102}, {'entity_group': 'LABEL_0', 'score': np.float32(0.5702843), 'word': ' measure', 'start': 102, 'end': 110}, {'entity_group': 'LABEL_1', 'score': np.float32(0.987023), 'word': ' was', 'start': 110, 'end': 114}, {'entity_group': 'LABEL_0', 'score': np.float32(0.9689493), 'word': ' excluded', 'start': 114, 'end': 123}, {'entity_group': 'LABEL_1', 'score': np.float32(0.95340234), 'word': ' from', 'start': 123, 'end': 128}, {'entity_group': 'LABEL_0', 'score': np.float32(0.7671704), 'word': ' the outset', 'start': 128, 'end': 139}, {'entity_group': 'LABEL_1', 'score': np.float32(0.8088546), 'word': ',', 'start': 139, 'end': 140}, {'entity_group': 'LABEL_0', 'score': np.float32(0.7808912), 'word': ' at a', 'start': 140, 'end': 145}, {'entity_group': 'LABEL_1', 'score': np.float32(0.9424025), 'word': ' stage preceding the legal reasoning, from', 'start': 145, 'end': 187}, {'entity_group': 'LABEL_0', 'score': np.float32(0.93203586), 'word': ' the', 'start': 187, 'end': 191}, {'entity_group': 'LABEL_1', 'score': np.float32(0.8326262), 'word': ' scope of', 'start': 191, 'end': 200}, {'entity_group': 'LABEL_0', 'score': np.float32(0.87742156), 'word': ' Article 92', 'start': 200, 'end': 211}, {'entity_group': 'LABEL_1', 'score': np.float32(0.7559797), 'word': ' of the', 'start': 211, 'end': 218}, {'entity_group': 'LABEL_0', 'score': np.float32(0.9337761), 'word': ' Treaty and, subsequently, from', 'start': 218, 'end': 249}, {'entity_group': 'LABEL_1', 'score': np.float32(0.99894994), 'word': ' actual', 'start': 249, 'end': 256}, {'entity_group': 'LABEL_0', 'score': np.float32(0.52313787), 'word': ' review', 'start': 256, 'end': 263}, {'entity_group': 'LABEL_1', 'score': np.float32(0.97334474), 'word': ' by', 'start': 263, 'end': 266}, {'entity_group': 'LABEL_0', 'score': np.float32(0.9699014), 'word': ' the Commission,', 'start': 266, 'end': 282}, {'entity_group': 'LABEL_1', 'score': np.float32(0.8883078), 'word': ' therefore constitutes a', 'start': 282, 'end': 306}, {'entity_group': 'LABEL_0', 'score': np.float32(0.9999411), 'word': ' plea', 'start': 306, 'end': 311}, {'entity_group': 'LABEL_1', 'score': np.float32(0.9993493), 'word': ' raised', 'start': 311, 'end': 318}, {'entity_group': 'LABEL_0', 'score': np.float32(0.99982905), 'word': ' for the first time', 'start': 318, 'end': 337}, {'entity_group': 'LABEL_1', 'score': np.float32(0.79318357), 'word': ' in the', 'start': 337, 'end': 344}, {'entity_group': 'LABEL_0', 'score': np.float32(0.9669019), 'word': ' appeal.', 'start': 344, 'end': 352}]"
The Territorio Histórico de Álava did not raise a plea alleging misuse of powers before the Court of First Instance in the proceedings at first instance which gave rise to the present appeal.,prem,"[{'entity_group': 'LABEL_1', 'score': np.float32(0.997022), 'word': 'The', 'start': 0, 'end': 3}, {'entity_group': 'LABEL_0', 'score': np.float32(0.80908835), 'word': ' Territor', 'start': 3, 'end': 12}, {'entity_group': 'LABEL_1', 'score': np.float32(0.93052864), 'word': 'io Histórico', 'start': 12, 'end': 24}, {'entity_group': 'LABEL_0', 'score': np.float32(0.9997002), 'word': ' de', 'start': 24, 'end': 27}, {'entity_group': 'LABEL_1', 'score': np.float32(0.99371225), 'word': ' Á', 'start': 27, 'end': 29}, {'entity_group': 'LABEL_0', 'score': np.float32(0.85160565), 'word': 'lava did not', 'start': 29, 'end': 41}, {'entity_group': 'LABEL_1', 'score': np.float32(0.95495766), 'word': ' raise', 'start': 41, 'end': 47}, {'entity_group': 'LABEL_0', 'score': np.float32(0.9852115), 'word': ' a plea alleging misuse', 'start': 47, 'end': 70}, {'entity_group': 'LABEL_1', 'score': np.float32(0.99389714), 'word': ' of', 'start': 70, 'end': 73}, {'entity_group': 'LABEL_0', 'score': np.float32(0.94898486), 'word': ' powers before the Court', 'start': 73, 'end': 97}, {'entity_group': 'LABEL_1', 'score': np.float32(0.99545157), 'word': ' of First', 'start': 97, 'end': 106}, {'entity_group': 'LABEL_0', 'score': np.float32(0.996006), 'word': ' Instance in', 'start': 106, 'end': 118}, {'entity_group': 'LABEL_1', 'score': np.float32(0.58392006), 'word': ' the', 'start': 118, 'end': 122}, {'entity_group': 'LABEL_0', 'score': np.float32(0.9105324), 'word': ' proceedings at first instance which gave rise', 'start': 122, 'end': 168}, {'entity_group': 'LABEL_1', 'score': np.float32(0.96643543), 'word': ' to the', 'start': 168, 'end': 175}, {'entity_group': 'LABEL_0', 'score': np.float32(0.96040386), 'word': ' present appeal', 'start': 175, 'end': 190}, {'entity_group': 'LABEL_1', 'score': np.float32(0.8775598), 'word': '.', 'start': 190, 'end': 191}]"
"For the reasons stated at paragraph 59 of this judgment, this ground of appeal must be declared inadmissible, as a new plea, as must the ground of appeal alleging failure to state the grounds of the judgment under appeal on that point, as the latter cannot be dissociated from the former.",prem,"[{'entity_group': 'LABEL_1', 'score': np.float32(0.9326675), 'word': 'For the', 'start': 0, 'end': 7}, {'entity_group': 'LABEL_0', 'score': np.float32(0.8195816), 'word': ' reasons stated', 'start': 7, 'end': 22}, {'entity_group': 'LABEL_1', 'score': np.float32(0.72876555), 'word': ' at', 'start': 22, 'end': 25}, {'entity_group': 'LABEL_0', 'score': np.float32(0.9603912), 'word': ' paragraph 59 of this judgment,', 'start': 25, 'end': 56}, {'entity_group': 'LABEL_1', 'score': np.float32(0.8379323), 'word': ' this', 'start': 56, 'end': 61}, {'entity_group': 'LABEL_0', 'score': np.float32(0.9999237), 'word': ' ground', 'start': 61, 'end': 68}, {'entity_group': 'LABEL_1', 'score': np.float32(0.6265642), 'word': ' of', 'start': 68, 'end': 71}, {'entity_group': 'LABEL_0', 'score': np.float32(0.9766308), 'word': ' appeal must be declared inadmissible, as a', 'start': 71, 'end': 114}, {'entity_group': 'LABEL_1', 'score': np.float32(0.99998283), 'word': ' new', 'start': 114, 'end': 118}, {'entity_group': 'LABEL_0', 'score': np.float32(0.98829126), 'word': ' plea, as must the', 'start': 118, 'end': 136}, {'entity_group': 'LABEL_1', 'score': np.float32(0.88828087), 'word': ' ground of', 'start': 136, 'end': 146}, {'entity_group': 'LABEL_0', 'score': np.float32(0.99934286), 'word': ' appeal', 'start': 146, 'end': 153}, {'entity_group': 'LABEL_1', 'score': np.float32(0.6761899), 'word': ' alleging failure', 'start': 153, 'end': 170}, {'entity_group': 'LABEL_0', 'score': np.float32(0.8688932), 'word': ' to', 'start': 170, 'end': 173}, {'entity_group': 'LABEL_1', 'score': np.float32(0.77659106), 'word': ' state the', 'start': 173, 'end': 183}, {'entity_group': 'LABEL_0', 'score': np.float32(0.97744435), 'word': ' grounds', 'start': 183, 'end': 191}, {'entity_group': 'LABEL_1', 'score': np.float32(0.96294796), 'word': ' of the', 'start': 191, 'end': 198}, {'entity_group': 'LABEL_0', 'score': np.float32(1.0), 'word': ' judgment', 'start': 198, 'end': 207}, {'entity_group': 'LABEL_1', 'score': np.float32(0.9999789), 'word': ' under', 'start': 207, 'end': 213}, {'entity_group': 'LABEL_0', 'score': np.float32(1.0), 'word': ' appeal', 'start': 213, 'end': 220}, {'entity_group': 'LABEL_1', 'score': np.float32(0.50805694), 'word': ' on', 'start': 220, 'end': 223}, {'entity_group': 'LABEL_0', 'score': np.float32(0.8396556), 'word': ' that point, as the latter cannot be', 'start': 223, 'end': 259}, {'entity_group': 'LABEL_1', 'score': np.float32(0.99793893), 'word': ' dissoci', 'start': 259, 'end': 267}, {'entity_group': 'LABEL_0', 'score': np.float32(0.87809455), 'word': 'ated from the former.', 'start': 267, 'end': 288}]"
It follows that the ground of appeal which Demesa bases on the principle of protection of legitimate expectations must be rejected.,conc,"[{'entity_group': 'LABEL_0', 'score': np.float32(0.9718469), 'word': 'It follows that the ground of appeal', 'start': 0, 'end': 36}, {'entity_group': 'LABEL_1', 'score': np.float32(0.9991665), 'word': ' which Demesa', 'start': 36, 'end': 49}, {'entity_group': 'LABEL_0', 'score': np.float32(0.9965294), 'word': ' bases on the principle of protection of legitimate expectations must', 'start': 49, 'end': 118}, {'entity_group': 'LABEL_1', 'score': np.float32(0.88079494), 'word': ' be', 'start': 118, 'end': 121}, {'entity_group': 'LABEL_0', 'score': np.float32(0.9701898), 'word': ' rejected.', 'start': 121, 'end': 131}]"
"This new plea must be declared inadmissible, as must the ground of appeal alleging failure to state the grounds in the judgment under appeal on the point of law raised, as the latter cannot be dissociated from the former.",conc,"[{'entity_group': 'LABEL_1', 'score': np.float32(0.91886497), 'word': 'This new', 'start': 0, 'end': 8}, {'entity_group': 'LABEL_0', 'score': np.float32(0.9999968), 'word': ' plea', 'start': 8, 'end': 13}, {'entity_group': 'LABEL_1', 'score': np.float32(0.98457783), 'word': ' must', 'start': 13, 'end': 18}, {'entity_group': 'LABEL_0', 'score': np.float32(0.9790584), 'word': ' be declared inadmissible, as must the ground', 'start': 18, 'end': 63}, {'entity_group': 'LABEL_1', 'score': np.float32(0.79361236), 'word': ' of', 'start': 63, 'end': 66}, {'entity_group': 'LABEL_0', 'score': np.float32(0.970263), 'word': ' appeal alleging failure to', 'start': 66, 'end': 93}, {'entity_group': 'LABEL_1', 'score': np.float32(0.99994624), 'word': ' state', 'start': 93, 'end': 99}, {'entity_group': 'LABEL_0', 'score': np.float32(0.9394768), 'word': ' the grounds in the judgment', 'start': 99, 'end': 127}, {'entity_group': 'LABEL_1', 'score': np.float32(0.99825174), 'word': ' under', 'start': 127, 'end': 133}, {'entity_group': 'LABEL_0', 'score': np.float32(0.9999945), 'word': ' appeal', 'start': 133, 'end': 140}, {'entity_group': 'LABEL_1', 'score': np.float32(0.5431552), 'word': ' on', 'start': 140, 'end': 143}, {'entity_group': 'LABEL_0', 'score': np.float32(0.9570807), 'word': ' the point', 'start': 143, 'end': 153}, {'entity_group': 'LABEL_1', 'score': np.float32(0.9322682), 'word': ' of', 'start': 153, 'end': 156}, {'entity_group': 'LABEL_0', 'score': np.float32(0.971896), 'word': ' law raised, as the', 'start': 156, 'end': 175}, {'entity_group': 'LABEL_1', 'score': np.float32(0.8896191), 'word': ' latter', 'start': 175, 'end': 182}, {'entity_group': 'LABEL_0', 'score': np.float32(0.998307), 'word': ' cannot be', 'start': 182, 'end': 192}, {'entity_group': 'LABEL_1', 'score': np.float32(0.9836749), 'word': ' dissoci', 'start': 192, 'end': 200}, {'entity_group': 'LABEL_0', 'score': np.float32(0.98175406), 'word': 'ated from the former', 'start': 200, 'end': 220}, {'entity_group': 'LABEL_1', 'score': np.float32(0.9681455), 'word': '.', 'start': 220, 'end': 221}]"
It follows from all of the foregoing that the appeals must be dismissed.,conc,"[{'entity_group': 'LABEL_0', 'score': np.float32(0.8680459), 'word': 'It follows from all', 'start': 0, 'end': 19}, {'entity_group': 'LABEL_1', 'score': np.float32(0.861219), 'word': ' of', 'start': 19, 'end': 22}, {'entity_group': 'LABEL_0', 'score': np.float32(0.9800381), 'word': ' the foregoing that the appeals must be dismissed.', 'start': 22, 'end': 72}]"
